0.03
0.18
0.11
-0.10
-0.15
0.03
0.20
0.14
-0.06
-0.10
0.10
0.28
0.24
0.04
-0.00
0.15
0.29
0.22
-0.01
-0.09
0.06
0.21
0.12
-0.11
-0.19
-0.04
0.14
0.10
-0.11
-0.18
-0.02
0.14
0.07
-0.12
-0.17
-0.00
0.15
0.08
-0.14
-0.18
0.00
0.17
0.10
-0.13
-0.25
-0.18
-0.11
-0.11
-0.11
0.12
0.65
1.14
1.38
1.34
1.25
1.25
1.23
0.91
0.38
0.05
0.07
0.16
0.04
-0.20
-0.28
-0.11
0.06
-0.02
-0.24
-0.33
-0.17
0.03
-0.03
-0.23
-0.30
-0.14
0.03
-0.02
-0.22
-0.28
-0.11
0.06
-0.02
-0.22
-0.27
-0.09
0.08
0.01
-0.19
-0.25
-0.08
0.10
0.03
-0.18
-0.24
-0.06
0.10
0.04
-0.17
-0.23
-0.07
0.10
0.03
-0.17
-0.24
-0.07
0.10
0.03
-0.17
-0.24
-0.07
0.09
0.02
-0.20
-0.26
-0.10
0.06
-0.02
-0.23
-0.31
-0.13
0.04
-0.02
-0.22
-0.26
-0.05
0.14
0.10
-0.09
-0.15
0.05
0.22
0.16
-0.05
-0.11
0.05
0.22
0.14
-0.07
-0.13
0.04
0.20
0.14
-0.07
-0.15
0.03
0.20
0.13
-0.08
-0.15
0.02
0.20
0.13
-0.09
-0.15
0.02
0.19
0.13
-0.09
-0.15
0.02
0.19
0.12
-0.09
-0.15
0.02
0.19
0.13
-0.09
-0.15
0.03
0.19
0.13
-0.09
-0.15
0.02
0.19
0.13
-0.08
-0.15
0.02
0.20
0.13
-0.08
-0.15
0.01
0.19
0.12
-0.08
-0.15
0.02
0.18
0.11
-0.09
-0.16
0.02
0.18
0.11
-0.10
-0.16
0.01
0.18
0.12
-0.09
-0.16
0.00
0.19
0.12
-0.08
-0.16
0.01
0.18
0.13
-0.09
-0.15
0.01
0.19
0.13
-0.09
-0.15
0.02
0.19
0.13
-0.07
-0.13
0.02
0.19
0.13
-0.07
-0.13
0.06
0.24
0.21
0.02
-0.04
0.15
0.34
0.27
0.04
-0.05
0.09
0.25
0.16
-0.05
-0.14
-0.00
0.15
0.08
-0.12
-0.18
-0.00
0.15
0.08
-0.13
-0.20
-0.01
0.17
0.10
-0.12
-0.20
-0.04
0.15
0.10
-0.10
-0.18
-0.03
0.10
-0.05
-0.38
-0.42
-0.07
0.37
0.66
0.79
1.05
1.41
1.59
1.39
1.00
0.70
0.56
0.44
0.19
-0.10
-0.23
-0.10
0.05
-0.02
-0.23
-0.30
-0.14
0.01
-0.10
-0.26
-0.30
-0.14
0.03
-0.05
-0.26
-0.30
-0.13
0.05
-0.02
-0.23
-0.29
-0.13
0.05
-0.01
-0.20
-0.27
-0.11
0.07
0.02
-0.20
-0.26
-0.09
0.09
0.03
-0.18
-0.25
-0.08
0.09
0.03
-0.18
-0.26
-0.09
0.09
0.02
-0.19
-0.26
-0.09
0.08
0.02
-0.20
-0.26
-0.11
0.06
-0.01
-0.23
-0.30
-0.16
0.01
-0.05
-0.26
-0.31
-0.14
0.05
0.02
-0.16
-0.20
-0.01
0.17
0.12
-0.08
-0.15
0.02
0.19
0.12
-0.09
-0.16
-0.01
0.16
0.10
-0.11
-0.18
-0.01
0.15
0.09
-0.12
-0.19
-0.02
0.14
0.09
-0.12
-0.19
-0.02
0.14
0.09
-0.12
-0.18
-0.02
0.14
0.09
-0.12
-0.19
-0.02
0.15
0.08
-0.12
-0.18
-0.02
0.15
0.03
-0.11
-0.18
-0.01
0.15
0.09
-0.12
-0.17
-0.01
0.15
0.08
-0.12
-0.18
-0.02
0.14
0.07
-0.13
-0.19
-0.02
0.14
0.08
-0.13
-0.19
-0.03
0.14
0.08
-0.13
-0.19
-0.03
0.15
0.08
-0.12
-0.17
-0.02
0.14
0.09
-0.12
-0.18
-0.00
0.16
0.10
-0.11
-0.17
0.00
0.16
0.10
-0.10
-0.17
-0.00
0.17
0.10
-0.10
-0.16
0.01
0.18
0.11
-0.09
-0.15
0.02
0.18
0.13
-0.05
-0.10
0.09
0.27
0.22
0.03
-0.04
0.11
0.26
0.17
-0.04
-0.13
0.02
0.17
0.07
-0.15
-0.22
-0.05
0.12
0.06
-0.15
-0.22
-0.06
0.11
0.05
-0.13
-0.20
-0.04
0.11
0.03
-0.16
-0.20
-0.03
0.13
0.03
-0.22
-0.39
-0.32
-0.11
0.04
0.11
0.39
0.90
1.38
1.48
1.25
1.02
1.00
0.94
0.58
0.11
-0.10
-0.02
0.08
-0.02
-0.24
-0.30
-0.13
0.03
-0.05
-0.28
-0.35
-0.15
0.02
-0.03
-0.25
-0.32
-0.16
0.02
-0.03
-0.23
-0.29
-0.12
0.04
-0.02
-0.21
-0.27
-0.10
0.05
-0.01
-0.21
-0.26
-0.09
0.06
0.00
-0.21
-0.27
-0.10
0.07
-0.01
-0.23
-0.30
-0.13
0.05
-0.00
-0.21
-0.30
